100
(108,(369,303));
(150,(369,303));
(150,(108,303));
(150,(108,369));
(289,(369,303));
(289,(108,303));
(289,(108,369));
((289,150),303);
((289,150),369);
((289,150),108);
(215,(369,303));
(215,(108,303));
(215,(108,369));
((215,150),303);
((215,150),369);
((215,150),108);
((215,289),303);
((215,289),369);
((215,289),108);
(215,(289,150));
(420,(369,303));
(420,(108,303));
(420,(108,369));
(420,(150,303));
(420,(150,369));
(420,(150,108));
(420,(289,303));
(420,(289,369));
(420,(289,108));
(420,(289,150));
(420,(215,303));
(420,(215,369));
(420,(215,108));
(420,(215,150));
(420,(215,289));
(249,(369,303));
(249,(108,303));
(249,(108,369));
(249,(150,303));
(249,(150,369));
(249,(150,108));
(249,(289,303));
(249,(289,369));
(249,(289,108));
(249,(289,150));
(249,(215,303));
(249,(215,369));
(249,(215,108));
(249,(215,150));
(249,(215,289));
(249,(420,303));
(249,(420,369));
(249,(420,108));
(249,(420,150));
(249,(420,289));
(249,(420,215));
(152,(227,3));
(458,(227,3));
(458,(152,3));
(458,(152,227));
(18,(227,3));
(18,(152,3));
(18,(152,227));
(18,(458,3));
(18,(458,227));
(18,(458,152));
(450,(227,3));
(450,(152,3));
(450,(152,227));
(450,(458,3));
(450,(458,227));
(450,(458,152));
((450,18),3);
((450,18),227);
((450,18),152);
((450,18),458);
(320,(191,41));
(61,(457,40));
(291,(464,58));
(370,(464,58));
((370,291),58);
((370,291),464);
(426,(464,58));
((426,291),58);
((426,291),464);
((426,370),58);
((426,370),464);
((426,370),291);
(388,(464,58));
((388,291),58);
((388,291),464);
((388,370),58);
((388,370),464);
((388,370),291);
((388,426),58);
((388,426),464);
((388,426),291);
(388,(426,370));
(392,(464,58));
((392,291),58);
((392,291),464);
((392,370),58);
((392,370),464);
(392,(370,291));
((392,426),58);
((392,426),464);
(392,(426,291));
(392,(426,370));
((392,388),58);
((392,388),464);
(392,(388,291));
(392,(388,370));
(392,(388,426));
(66,(464,58));
((66,291),58);
((66,291),464);
((66,370),58);
((66,370),464);
(66,(370,291));
((66,426),58);
((66,426),464);
(66,(426,291));
(66,(426,370));
((66,388),58);
((66,388),464);
(66,(388,291));
(66,(388,370));
(66,(388,426));
((66,392),58);
((66,392),464);
(66,(392,291));
(66,(392,370));
(66,(392,426));
(66,(392,388));
(287,(288,154));
(110,(408,283));
(190,(408,283));
((190,110),283);
((190,110),408);
(345,(408,283));
(345,(110,283));
(345,(110,408));
(345,(190,283));
(345,(190,408));
(345,(190,110));
(448,(456,385));
(181,(456,385));
(181,(448,385));
(181,(448,456));
(348,(456,385));
(348,(448,385));
(348,(448,456));
(348,(181,385));
(348,(181,456));
(348,(181,448));
(34,(456,385));
(34,(448,385));
(34,(448,456));
(34,(181,385));
(34,(181,456));
(34,(181,448));
(34,(348,385));
(34,(348,456));
(34,(348,448));
(34,(348,181));
(216,(456,385));
(216,(448,385));
(216,(448,456));
(216,(181,385));
(216,(181,456));
(216,(181,448));
(216,(348,385));
(216,(348,456));
(216,(348,448));
(216,(348,181));
((216,34),385);
((216,34),456);
((216,34),448);
((216,34),181);
((216,34),348);
(119,(456,385));
(119,(448,385));
(119,(448,456));
(119,(181,385));
(119,(181,456));
(119,(181,448));
(119,(348,385));
(119,(348,456));
(119,(348,448));
(119,(348,181));
(119,(34,385));
(119,(34,456));
(119,(34,448));
(119,(34,181));
(119,(34,348));
(119,(216,385));
(119,(216,456));
(119,(216,448));
(119,(216,181));
(119,(216,348));
(119,(216,34));
(7,(212,125));
(140,(212,125));
((140,7),125);
((140,7),212);
(266,(212,125));
(266,(7,125));
(266,(7,212));
(266,(140,125));
(266,(140,212));
(266,(140,7));
(313,(482,241));
(314,(482,241));
((314,313),241);
((314,313),482);
(139,(482,241));
((139,313),241);
((139,313),482);
((139,314),241);
((139,314),482);
(139,(314,313));
(142,(482,241));
((142,313),241);
((142,313),482);
((142,314),241);
((142,314),482);
(142,(314,313));
((142,139),241);
((142,139),482);
((142,139),313);
((142,139),314);
(294,(482,241));
((294,313),241);
((294,313),482);
((294,314),241);
((294,314),482);
(294,(314,313));
((294,139),241);
((294,139),482);
(294,(139,313));
(294,(139,314));
((294,142),241);
((294,142),482);
(294,(142,313));
(294,(142,314));
(294,(142,139));
(172,(482,241));
(172,(313,241));
(172,(313,482));
(172,(314,241));
(172,(314,482));
(172,(314,313));
(172,(139,241));
(172,(139,482));
(172,(139,313));
(172,(139,314));
(172,(142,241));
(172,(142,482));
(172,(142,313));
(172,(142,314));
(172,(142,139));
(172,(294,241));
(172,(294,482));
(172,(294,313));
(172,(294,314));
(172,(294,139));
(172,(294,142));
(336,(499,274));
(473,(499,274));
((473,336),274);
((473,336),499);
(307,(499,274));
((307,336),274);
((307,336),499);
((307,473),274);
((307,473),499);
(307,(473,336));
(423,(499,274));
((423,336),274);
((423,336),499);
((423,473),274);
((423,473),499);
(423,(473,336));
((423,307),274);
((423,307),499);
((423,307),336);
((423,307),473);
(425,(184,42));
(144,(184,42));
(144,(425,42));
(144,(425,184));
(239,(184,42));
(239,(425,42));
(239,(425,184));
(239,(144,42));
(239,(144,184));
(239,(144,425));
(317,(184,42));
(317,(425,42));
(317,(425,184));
(317,(144,42));
(317,(144,184));
(317,(144,425));
(317,(239,42));
(317,(239,184));
(317,(239,425));
(317,(239,144));
(236,(382,194));
(251,(396,50));
(81,(395,106));
(374,(395,106));
(374,(81,106));
(374,(81,395));
(373,(495,137));
(435,(495,137));
((435,373),137);
((435,373),495);
(265,(495,137));
(265,(373,137));
(265,(373,495));
(265,(435,137));
(265,(435,495));
(265,(435,373));
(224,(495,137));
(224,(373,137));
(224,(373,495));
(224,(435,137));
(224,(435,495));
(224,(435,373));
(224,(265,137));
(224,(265,495));
(224,(265,373));
(224,(265,435));
(151,(496,316));
(389,(496,316));
(389,(151,316));
(389,(151,496));
(438,(149,27));
(213,(149,27));
(213,(438,27));
(213,(438,149));
(353,(149,27));
(353,(438,27));
(353,(438,149));
(353,(213,27));
(353,(213,149));
(353,(213,438));
(472,(149,27));
(472,(438,27));
(472,(438,149));
(472,(213,27));
(472,(213,149));
(472,(213,438));
(472,(353,27));
(472,(353,149));
(472,(353,438));
(472,(353,213));
(486,(311,209));
(310,(311,209));
(310,(486,209));
(310,(486,311));
(279,(311,209));
(279,(486,209));
(279,(486,311));
(279,(310,209));
(279,(310,311));
(279,(310,486));
(430,(311,209));
(430,(486,209));
(430,(486,311));
(430,(310,209));
(430,(310,311));
(430,(310,486));
((430,279),209);
((430,279),311);
((430,279),486);
((430,279),310);
(271,(311,209));
(271,(486,209));
(271,(486,311));
(271,(310,209));
(271,(310,311));
(271,(310,486));
((271,279),209);
((271,279),311);
((271,279),486);
((271,279),310);
((271,430),209);
((271,430),311);
((271,430),486);
((271,430),310);
(271,(430,279));
(299,(311,209));
(299,(486,209));
(299,(486,311));
(299,(310,209));
(299,(310,311));
(299,(310,486));
(299,(279,209));
(299,(279,311));
(299,(279,486));
(299,(279,310));
(299,(430,209));
(299,(430,311));
(299,(430,486));
(299,(430,310));
(299,(430,279));
(299,(271,209));
(299,(271,311));
(299,(271,486));
(299,(271,310));
(299,(271,279));
(299,(271,430));
(453,(138,55));
(387,(478,20));
(263,(478,20));
(263,(387,20));
(263,(387,478));
((429,306),10);
((182,306),10);
((182,429),10);
(182,(429,306));
(323,(306,10));
(323,(429,10));
(323,(429,306));
(323,(182,10));
(323,(182,306));
(323,(182,429));
(148,(306,10));
(148,(429,10));
(148,(429,306));
(148,(182,10));
(148,(182,306));
(148,(182,429));
(148,(323,10));
(148,(323,306));
(148,(323,429));
(148,(323,182));
(295,(306,10));
(295,(429,10));
(295,(429,306));
(295,(182,10));
(295,(182,306));
(295,(182,429));
(295,(323,10));
(295,(323,306));
(295,(323,429));
(295,(323,182));
((295,148),10);
((295,148),306);
((295,148),429);
((295,148),182);
((295,148),323);
(437,(394,25));
(102,(394,25));
(102,(437,25));
(102,(437,394));
(475,(451,376));
(393,(48,45));
(13,(48,45));
(13,(393,45));
(13,(393,48));
(368,(48,45));
(368,(393,45));
(368,(393,48));
((368,13),45);
((368,13),48);
((368,13),393);
(404,(48,45));
(404,(393,45));
(404,(393,48));
((404,13),45);
((404,13),48);
((404,13),393);
((404,368),45);
((404,368),48);
((404,368),393);
(404,(368,13));
(338,(48,45));
(338,(393,45));
(338,(393,48));
((338,13),45);
((338,13),48);
((338,13),393);
((338,368),45);
((338,368),48);
((338,368),393);
(338,(368,13));
((338,404),45);
((338,404),48);
((338,404),393);
(338,(404,13));
(338,(404,368));
(380,(48,45));
(380,(393,45));
(380,(393,48));
(380,(13,45));
(380,(13,48));
(380,(13,393));
(380,(368,45));
(380,(368,48));
(380,(368,393));
(380,(368,13));
(380,(404,45));
(380,(404,48));
(380,(404,393));
(380,(404,13));
(380,(404,368));
(380,(338,45));
(380,(338,48));
(380,(338,393));
(380,(338,13));
(380,(338,368));
(380,(338,404));
(302,(253,147));
(267,(167,28));
(410,(167,28));
(410,(267,28));
(410,(267,167));
(280,(167,28));
(280,(267,28));
(280,(267,167));
(280,(410,28));
(280,(410,167));
(280,(410,267));
(214,(167,28));
(214,(267,28));
(214,(267,167));
(214,(410,28));
(214,(410,167));
(214,(410,267));
(214,(280,28));
(214,(280,167));
(214,(280,267));
(214,(280,410));
(481,(107,78));
(422,(107,78));
(422,(481,78));
(422,(481,107));
(112,(107,78));
(112,(481,78));
(112,(481,107));
(112,(422,78));
(112,(422,107));
(112,(422,481));
(414,(107,78));
(414,(481,78));
(414,(481,107));
(414,(422,78));
(414,(422,107));
(414,(422,481));
((414,112),78);
((414,112),107);
((414,112),481);
((414,112),422);
(254,(107,78));
(254,(481,78));
(254,(481,107));
(254,(422,78));
(254,(422,107));
(254,(422,481));
((254,112),78);
((254,112),107);
((254,112),481);
((254,112),422);
((254,414),78);
((254,414),107);
((254,414),481);
((254,414),422);
(254,(414,112));
(337,(107,78));
(337,(481,78));
(337,(481,107));
(337,(422,78));
(337,(422,107));
(337,(422,481));
((337,112),78);
((337,112),107);
((337,112),481);
((337,112),422);
((337,414),78);
((337,414),107);
((337,414),481);
((337,414),422);
(337,(414,112));
((337,254),78);
((337,254),107);
((337,254),481);
((337,254),422);
(337,(254,112));
(337,(254,414));
((248,204),76);
((85,204),76);
((85,248),76);
(85,(248,204));
(484,(204,76));
(484,(248,76));
(484,(248,204));
(484,(85,76));
(484,(85,204));
(484,(85,248));
(401,(204,76));
(401,(248,76));
(401,(248,204));
(401,(85,76));
(401,(85,204));
(401,(85,248));
(401,(484,76));
(401,(484,204));
(401,(484,248));
(401,(484,85));
(22,(204,76));
(22,(248,76));
(22,(248,204));
(22,(85,76));
(22,(85,204));
(22,(85,248));
(22,(484,76));
(22,(484,204));
(22,(484,248));
(22,(484,85));
(22,(401,76));
(22,(401,204));
(22,(401,248));
(22,(401,85));
(22,(401,484));
(145,(204,76));
(145,(248,76));
(145,(248,204));
(145,(85,76));
(145,(85,204));
(145,(85,248));
(145,(484,76));
(145,(484,204));
(145,(484,248));
(145,(484,85));
(145,(401,76));
(145,(401,204));
(145,(401,248));
(145,(401,85));
(145,(401,484));
(145,(22,76));
(145,(22,204));
(145,(22,248));
(145,(22,85));
(145,(22,484));
(145,(22,401));
(444,(180,63));
(390,(180,63));
(390,(444,63));
(390,(444,180));
(449,(180,63));
(449,(444,63));
(449,(444,180));
((449,390),63);
((449,390),180);
((449,390),444);
(490,(180,63));
(490,(444,63));
(490,(444,180));
((490,390),63);
((490,390),180);
((490,390),444);
((490,449),63);
((490,449),180);
((490,449),444);
(490,(449,390));
(305,(180,63));
(305,(444,63));
(305,(444,180));
((305,390),63);
((305,390),180);
((305,390),444);
((305,449),63);
((305,449),180);
((305,449),444);
(305,(449,390));
((305,490),63);
((305,490),180);
((305,490),444);
(305,(490,390));
(305,(490,449));
(88,(322,205));
(304,(322,205));
((304,88),205);
((304,88),322);
(237,(322,205));
((237,88),205);
((237,88),322);
((237,304),205);
((237,304),322);
(237,(304,88));
(57,(384,38));
(228,(384,38));
(228,(57,38));
(228,(57,384));
(488,(384,38));
(488,(57,38));
(488,(57,384));
(488,(228,38));
(488,(228,384));
(488,(228,57));
(33,(483,275));
(417,(326,15));
(467,(326,15));
((467,417),15);
((467,417),326);
(155,(326,15));
((155,417),15);
((155,417),326);
((155,467),15);
((155,467),326);
(155,(467,417));
(94,(326,15));
((94,417),15);
((94,417),326);
((94,467),15);
((94,467),326);
(94,(467,417));
((94,155),15);
((94,155),326);
(94,(155,417));
(94,(155,467));
(49,(326,15));
((49,417),15);
((49,417),326);
((49,467),15);
((49,467),326);
(49,(467,417));
((49,155),15);
((49,155),326);
(49,(155,417));
(49,(155,467));
((49,94),15);
((49,94),326);
(49,(94,417));
(49,(94,467));
(49,(94,155));
(14,(358,346));
(218,(358,346));
((218,14),346);
((218,14),358);
(199,(358,346));
(199,(14,346));
(199,(14,358));
(199,(218,346));
(199,(218,358));
(199,(218,14));
(276,(158,52));
((202,131),71);
((301,131),71);
((301,202),71);
(301,(202,131));
(363,(131,71));
(363,(202,71));
(363,(202,131));
(363,(301,71));
(363,(301,131));
(363,(301,202));
(113,(131,71));
(113,(202,71));
(113,(202,131));
(113,(301,71));
(113,(301,131));
(113,(301,202));
(113,(363,71));
(113,(363,131));
(113,(363,202));
(113,(363,301));
(364,(445,427));
(111,(445,427));
(111,(364,427));
(111,(364,445));
(68,(245,120));
(242,(245,120));
((242,68),120);
((242,68),245);
(260,(245,120));
(260,(68,120));
(260,(68,245));
(260,(242,120));
(260,(242,245));
(260,(242,68));
(383,(245,120));
(383,(68,120));
(383,(68,245));
(383,(242,120));
(383,(242,245));
(383,(242,68));
(383,(260,120));
(383,(260,245));
(383,(260,68));
(383,(260,242));
(17,(245,120));
(17,(68,120));
(17,(68,245));
(17,(242,120));
(17,(242,245));
(17,(242,68));
(17,(260,120));
(17,(260,245));
(17,(260,68));
(17,(260,242));
(17,(383,120));
(17,(383,245));
(17,(383,68));
(17,(383,242));
(17,(383,260));
(60,(245,120));
(60,(68,120));
(60,(68,245));
(60,(242,120));
(60,(242,245));
(60,(242,68));
(60,(260,120));
(60,(260,245));
(60,(260,68));
(60,(260,242));
(60,(383,120));
(60,(383,245));
(60,(383,68));
(60,(383,242));
(60,(383,260));
((60,17),120);
((60,17),245);
((60,17),68);
((60,17),242);
((60,17),260);
((60,17),383);
(208,(290,2));
(331,(487,51));
(378,(487,51));
((378,331),51);
((378,331),487);
(123,(487,51));
((123,331),51);
((123,331),487);
((123,378),51);
((123,378),487);
(123,(378,331));
((231,91),23);
((333,91),23);
((333,231),23);
(333,(231,91));
((226,91),23);
((226,231),23);
(226,(231,91));
((226,333),23);
(226,(333,91));
(226,(333,231));
((128,91),23);
((128,231),23);
(128,(231,91));
((128,333),23);
(128,(333,91));
(128,(333,231));
((128,226),23);
(128,(226,91));
(128,(226,231));
(128,(226,333));
((221,91),23);
((221,231),23);
(221,(231,91));
((221,333),23);
(221,(333,91));
(221,(333,231));
((221,226),23);
(221,(226,91));
(221,(226,231));
(221,(226,333));
((221,128),23);
(221,(128,91));
(221,(128,231));
(221,(128,333));
(221,(128,226));
(250,(91,23));
(250,(231,23));
(250,(231,91));
(250,(333,23));
(250,(333,91));
(250,(333,231));
(250,(226,23));
(250,(226,91));
(250,(226,231));
(250,(226,333));
(250,(128,23));
(250,(128,91));
(250,(128,231));
(250,(128,333));
(250,(128,226));
(250,(221,23));
(250,(221,91));
(250,(221,231));
(250,(221,333));
(250,(221,226));
(250,(221,128));
(424,(371,223));
(351,(371,223));
(351,(424,223));
(351,(424,371));
(491,(371,223));
(491,(424,223));
(491,(424,371));
((491,351),223);
((491,351),371);
((491,351),424);
(77,(371,223));
(77,(424,223));
(77,(424,371));
((77,351),223);
((77,351),371);
((77,351),424);
((77,491),223);
((77,491),371);
((77,491),424);
(77,(491,351));
(185,(371,223));
(185,(424,223));
(185,(424,371));
(185,(351,223));
(185,(351,371));
(185,(351,424));
(185,(491,223));
(185,(491,371));
(185,(491,424));
(185,(491,351));
(185,(77,223));
(185,(77,371));
(185,(77,424));
(185,(77,351));
(185,(77,491));
(186,(371,223));
(186,(424,223));
(186,(424,371));
(186,(351,223));
(186,(351,371));
(186,(351,424));
(186,(491,223));
(186,(491,371));
(186,(491,424));
(186,(491,351));
(186,(77,223));
(186,(77,371));
(186,(77,424));
(186,(77,351));
(186,(77,491));
((186,185),223);
((186,185),371);
((186,185),424);
((186,185),351);
((186,185),491);
((186,185),77);
(344,(497,324));
(418,(497,324));
(418,(344,324));
(418,(344,497));
(114,(497,324));
(114,(344,324));
(114,(344,497));
(114,(418,324));
(114,(418,497));
(114,(418,344));
(235,(497,324));
(235,(344,324));
(235,(344,497));
(235,(418,324));
(235,(418,497));
(235,(418,344));
((235,114),324);
((235,114),497);
((235,114),344);
((235,114),418);
(115,(497,324));
(115,(344,324));
(115,(344,497));
(115,(418,324));
(115,(418,497));
(115,(418,344));
(115,(114,324));
(115,(114,497));
(115,(114,344));
(115,(114,418));
(115,(235,324));
(115,(235,497));
(115,(235,344));
(115,(235,418));
(115,(235,114));
(44,(349,175));
(292,(201,99));
(339,(442,97));
(189,(75,37));
(100,(443,11));
(428,(443,11));
((428,100),11);
((428,100),443);
(47,(471,83));
(24,(187,5));
(35,(187,5));
((35,24),5);
