
The frequency entered is 70
Seed file is vb_c100.txt
The number of seeds is 241
Tree file is vbig2_ordered.tre
The number of trees is 208
The cutoff is 145 trees
The false cutoff is 63 trees
Frequency file is vb_c100.txt_frequencies 
The number of frequencies is 241
OUTER SEED 0
240
223
199
2
198
197
239
107
238
233
232
231
230
191
224
164
44
86
23
156
157
128
172
65
165
OUTER SEED 1
240
223
199
2
198
197
239
107
238
236
235
234
191
230
225
164
165
44
128
86
23
156
157
172
65
OUTER SEED 2
240
0
223
199
198
197
239
107
238
233
232
231
191
230
224
164
165
44
86
23
156
128
157
172
65
OUTER SEED 3
240
0
223
199
198
197
239
108
238
233
232
231
191
230
224
164
45
166
87
24
129
156
158
172
66
OUTER SEED 4
240
0
223
199
198
197
239
109
238
233
232
191
231
230
224
165
130
46
166
88
25
157
158
172
67
OUTER SEED 5
240
0
223
199
198
197
239
110
238
233
232
191
231
230
224
159
131
47
164
89
26
156
172
68
167
OUTER SEED 6
240
0
223
199
198
197
239
111
238
233
191
232
231
230
224
159
132
165
48
90
27
157
172
69
167
OUTER SEED 7
240
0
223
199
198
197
239
112
238
233
191
232
231
230
224
159
133
28
91
49
158
172
70
167
166
OUTER SEED 8
240
0
223
199
198
197
239
113
238
233
191
232
231
230
224
161
138
164
50
92
29
156
172
169
71
OUTER SEED 9
240
0
223
199
198
197
239
114
238
233
191
232
231
230
224
161
139
72
93
51
157
172
169
30
165
OUTER SEED 10
240
0
223
199
198
197
239
115
238
233
232
191
231
230
224
161
94
140
73
52
158
172
169
31
166
OUTER SEED 11
240
0
223
199
198
197
239
116
238
233
232
191
231
230
224
159
95
141
161
53
172
169
32
167
74
OUTER SEED 12
240
0
223
199
198
197
239
117
238
233
232
191
231
230
224
162
96
143
33
75
156
54
172
170
164
OUTER SEED 13
240
0
223
199
198
197
239
118
238
233
232
191
231
230
224
162
34
97
144
76
165
157
55
172
170
OUTER SEED 14
240
0
223
199
198
197
239
119
238
233
232
191
231
230
224
162
98
35
145
77
158
166
172
56
170
OUTER SEED 15
240
0
223
199
198
197
239
120
238
233
232
191
231
230
224
159
99
36
146
78
172
170
162
57
167
OUTER SEED 16
240
0
223
199
198
197
239
121
238
233
232
231
191
230
224
161
100
37
148
79
172
170
169
58
162
OUTER SEED 17
240
0
223
199
198
197
239
122
238
233
232
191
231
230
224
163
38
101
80
149
156
59
172
171
164
OUTER SEED 18
240
0
223
199
198
197
239
123
238
233
232
191
231
230
224
163
39
102
81
150
157
172
165
171
60
OUTER SEED 19
240
0
223
199
198
197
239
124
238
233
232
191
231
230
224
163
103
82
40
151
158
166
172
171
61
OUTER SEED 20
240
0
223
199
198
197
239
125
238
233
232
191
231
230
224
159
104
41
83
152
163
172
171
62
167
OUTER SEED 21
240
0
223
199
198
197
239
126
238
233
191
232
231
224
230
161
163
105
42
84
154
172
171
169
63
OUTER SEED 22
240
0
223
199
198
197
239
127
238
233
191
232
231
230
224
162
163
106
85
64
155
43
172
171
170
OUTER SEED 23
240
0
223
199
198
197
239
86
238
191
233
232
231
230
224
172
2
65
156
157
165
44
128
107
164
OUTER SEED 24
240
0
223
199
198
197
239
87
238
191
233
232
231
230
224
172
66
156
158
166
45
3
129
108
164
OUTER SEED 25
240
0
223
199
198
197
239
88
238
191
233
232
231
230
224
172
67
157
158
109
46
4
165
130
166
OUTER SEED 26
240
0
223
199
198
197
239
89
238
191
233
232
231
230
224
172
68
156
159
47
5
164
131
110
167
OUTER SEED 27
240
0
223
199
198
197
239
90
238
191
233
232
231
230
224
172
6
69
157
159
111
48
165
132
167
OUTER SEED 28
240
0
223
199
198
197
239
91
238
191
233
232
231
230
224
112
70
7
158
159
49
166
167
133
172
OUTER SEED 29
240
0
223
199
198
197
239
92
238
233
191
232
231
230
224
50
138
71
8
156
161
164
169
113
172
OUTER SEED 30
240
0
223
199
198
197
239
93
238
233
191
232
231
230
224
51
139
72
9
157
161
114
165
169
172
OUTER SEED 31
240
0
223
199
198
197
239
94
238
191
233
232
231
230
224
52
140
73
10
158
115
161
166
169
172
OUTER SEED 32
240
0
223
199
198
197
239
95
238
233
191
232
231
230
224
172
141
74
11
116
159
161
167
169
53
OUTER SEED 33
240
0
223
199
198
197
239
96
238
233
191
232
231
230
224
54
143
75
12
156
162
164
170
117
172
OUTER SEED 34
240
0
223
199
198
197
239
97
238
233
191
232
231
230
224
55
172
144
76
157
162
165
13
118
170
OUTER SEED 35
240
0
223
199
198
197
239
98
238
233
191
232
231
230
224
56
172
145
77
158
162
166
14
119
170
OUTER SEED 36
240
0
223
199
198
197
239
99
238
233
232
191
231
230
224
57
172
146
78
159
162
167
15
120
170
OUTER SEED 37
240
0
223
199
198
197
239
100
238
233
232
191
231
230
224
172
79
170
148
161
162
169
16
121
58
OUTER SEED 38
240
0
223
199
198
197
239
101
238
233
232
191
231
230
224
171
80
149
172
156
59
17
163
122
164
OUTER SEED 39
240
0
223
199
198
197
239
102
238
233
191
232
231
230
224
171
18
81
123
150
157
60
163
165
172
OUTER SEED 40
240
0
223
199
198
197
239
103
238
233
191
232
231
230
224
171
19
82
124
151
158
61
163
166
172
OUTER SEED 41
240
0
223
199
198
197
239
104
238
233
191
232
231
230
224
171
20
83
125
152
159
62
163
167
172
OUTER SEED 42
240
0
223
199
198
197
239
105
238
233
232
191
231
224
230
169
21
84
126
154
63
161
163
172
171
OUTER SEED 43
240
0
223
199
198
197
239
106
238
233
232
191
231
230
224
170
22
85
171
155
162
163
64
127
172
OUTER SEED 44
240
0
223
199
198
197
239
23
238
233
232
191
231
230
224
164
2
107
128
86
172
65
156
157
165
OUTER SEED 45
240
0
223
199
198
197
239
24
238
233
191
232
231
230
224
158
108
129
87
3
172
66
156
166
164
OUTER SEED 46
240
0
223
199
198
197
239
25
238
233
191
232
231
230
224
158
130
165
88
4
67
172
157
109
166
OUTER SEED 47
240
0
223
199
198
197
239
26
238
233
191
232
231
230
224
159
131
89
164
5
68
172
167
110
156
OUTER SEED 48
240
0
223
199
198
197
239
27
238
233
191
232
231
230
224
159
6
132
90
165
69
172
167
111
157
OUTER SEED 49
240
0
223
199
198
197
239
28
238
233
191
232
231
230
224
158
91
133
7
159
70
172
112
167
166
OUTER SEED 50
240
0
223
199
198
197
239
29
238
233
191
232
231
230
224
161
92
8
113
138
71
172
169
156
164
OUTER SEED 51
240
0
223
199
198
197
239
30
238
233
191
232
231
230
224
161
93
9
114
139
72
172
169
157
165
OUTER SEED 52
240
0
223
199
198
197
239
31
238
233
191
232
231
230
224
158
94
10
161
140
73
172
169
115
166
OUTER SEED 53
240
0
223
199
198
197
239
32
238
233
232
191
231
230
224
159
95
11
116
141
74
172
169
167
161
OUTER SEED 54
240
0
223
199
198
197
239
33
238
233
232
191
231
230
224
162
96
12
117
143
75
172
156
170
164
OUTER SEED 55
240
0
223
199
198
197
239
34
238
233
232
191
231
230
224
162
13
97
165
144
76
172
170
118
157
OUTER SEED 56
240
0
223
199
198
197
239
35
238
233
232
191
231
230
224
158
14
98
162
145
77
172
119
170
166
OUTER SEED 57
240
0
223
199
198
197
239
36
238
233
232
191
231
230
224
159
15
99
162
146
78
120
172
170
167
OUTER SEED 58
240
0
223
199
198
197
239
37
238
233
232
191
231
224
230
161
16
100
79
162
121
148
172
170
169
OUTER SEED 59
240
0
223
199
198
197
239
38
238
233
232
231
191
230
224
163
122
101
80
149
156
17
172
171
164
OUTER SEED 60
240
0
223
199
198
197
239
39
238
233
232
231
191
230
224
163
123
102
81
150
157
165
172
18
171
OUTER SEED 61
240
0
223
199
198
197
239
40
238
233
232
191
231
230
224
158
124
103
82
151
163
172
19
171
166
OUTER SEED 62
240
0
223
199
198
197
239
41
238
233
232
191
231
230
224
159
125
104
83
152
20
163
172
171
167
OUTER SEED 63
240
0
223
199
198
197
239
42
238
233
191
232
224
231
230
161
21
105
126
84
154
172
171
163
169
OUTER SEED 64
240
0
223
199
198
197
239
43
238
233
191
232
231
230
224
162
22
127
106
85
155
163
172
171
170
OUTER SEED 65
240
0
223
199
198
197
239
86
238
191
233
232
231
224
230
172
156
157
2
164
165
44
23
128
107
OUTER SEED 66
240
0
223
199
198
197
239
87
238
191
233
232
231
224
230
172
156
158
164
166
45
108
24
129
3
OUTER SEED 67
240
0
223
199
198
197
239
88
238
191
233
232
231
224
230
172
157
158
165
166
46
109
25
130
4
OUTER SEED 68
240
0
223
199
198
197
239
89
238
191
233
232
231
230
224
172
156
159
164
167
47
110
26
131
5
OUTER SEED 69
240
0
223
199
198
197
239
90
238
191
233
232
231
230
224
111
157
6
159
165
48
167
27
132
172
OUTER SEED 70
240
0
223
199
198
197
239
91
238
191
233
232
231
230
224
112
7
158
159
49
166
167
28
133
172
OUTER SEED 71
240
0
223
199
198
197
239
92
238
233
191
232
231
230
224
113
8
156
50
161
164
138
169
29
172
OUTER SEED 72
240
0
223
199
198
197
239
93
238
233
191
232
231
230
224
114
157
9
51
161
165
139
169
30
172
OUTER SEED 73
240
0
223
199
198
197
239
94
238
191
233
232
231
224
230
172
140
31
10
52
158
161
115
166
169
OUTER SEED 74
240
0
223
199
198
197
239
95
238
191
233
232
231
224
230
172
141
32
11
53
159
161
116
167
169
OUTER SEED 75
240
0
223
199
198
197
239
96
238
233
191
232
231
230
224
172
143
12
54
156
33
162
164
117
170
OUTER SEED 76
240
0
223
199
198
197
239
97
238
191
233
232
231
230
224
172
144
34
118
13
55
157
162
165
170
OUTER SEED 77
240
0
223
199
198
197
239
98
238
191
233
232
231
230
224
172
35
145
119
14
56
158
162
166
170
OUTER SEED 78
240
0
223
199
198
197
239
99
238
191
233
232
231
230
224
170
36
146
15
57
120
159
162
167
172
OUTER SEED 79
240
0
223
199
198
197
239
100
238
191
233
232
231
230
224
169
37
148
58
16
121
161
162
172
170
OUTER SEED 80
240
0
223
199
198
197
239
101
238
191
233
232
231
230
224
171
38
122
149
17
59
156
163
164
172
OUTER SEED 81
240
0
223
199
198
197
239
102
238
191
233
232
231
230
224
171
39
123
18
60
150
157
163
165
172
OUTER SEED 82
240
0
223
199
198
197
239
103
238
233
191
232
231
230
224
171
40
124
19
61
151
158
163
166
172
OUTER SEED 83
240
0
223
199
198
197
239
104
238
233
191
232
231
230
224
171
125
41
20
62
152
159
163
167
172
OUTER SEED 84
240
0
223
199
198
197
239
105
238
233
191
232
231
230
224
169
126
42
63
21
154
161
163
172
171
OUTER SEED 85
240
0
223
199
198
197
239
106
238
233
232
231
191
230
224
170
43
22
155
162
163
64
172
127
171
OUTER SEED 86
240
0
223
199
198
197
239
23
238
233
191
232
231
230
224
164
2
44
107
128
65
156
172
165
157
OUTER SEED 87
240
0
223
199
198
197
239
24
238
233
191
232
231
230
224
158
108
45
129
3
66
156
172
164
166
OUTER SEED 88
240
0
223
199
198
197
239
25
238
191
233
232
231
230
224
158
109
130
46
4
67
172
165
157
166
OUTER SEED 89
240
0
223
199
198
197
239
26
238
233
191
232
231
230
224
159
110
131
47
5
68
156
172
164
167
OUTER SEED 90
240
0
223
199
198
197
239
27
238
191
233
232
231
230
224
159
111
6
132
48
69
172
157
167
165
OUTER SEED 91
240
0
223
199
198
197
239
28
238
233
191
232
231
230
224
158
133
7
49
70
112
172
167
166
159
OUTER SEED 92
240
0
223
199
198
197
239
29
238
233
191
232
231
230
224
161
113
138
50
8
71
172
169
164
156
OUTER SEED 93
240
0
223
199
198
197
239
30
238
233
232
191
231
230
224
161
9
51
139
72
157
114
172
169
165
OUTER SEED 94
240
0
223
199
198
197
239
31
238
233
232
231
191
230
224
158
10
52
140
73
161
172
169
115
166
OUTER SEED 95
240
0
223
199
198
197
239
32
238
233
232
231
191
230
224
159
11
53
141
116
74
172
169
167
161
OUTER SEED 96
240
0
223
199
198
197
239
33
238
233
232
191
231
230
224
162
54
12
75
143
117
172
170
156
164
OUTER SEED 97
240
0
223
199
198
197
239
34
238
233
232
231
191
230
224
162
55
76
157
144
13
172
170
118
165
OUTER SEED 98
240
0
223
199
198
197
239
35
238
233
232
231
191
230
224
158
56
77
162
145
14
172
119
170
166
OUTER SEED 99
240
0
223
199
198
197
239
36
238
233
232
191
231
230
224
159
57
78
162
146
15
120
172
170
167
OUTER SEED 100
240
0
223
199
198
197
239
37
238
233
232
191
231
230
224
161
162
58
79
16
121
148
172
170
169
OUTER SEED 101
240
0
223
199
198
197
239
38
238
233
232
231
191
230
224
163
122
59
164
149
17
80
172
171
156
OUTER SEED 102
240
0
223
199
198
197
239
39
238
233
232
231
191
230
224
163
123
60
157
18
150
81
172
171
165
OUTER SEED 103
240
0
223
199
198
197
239
40
238
233
191
232
231
230
224
158
124
163
61
19
151
82
172
171
166
OUTER SEED 104
240
0
223
199
198
197
239
41
238
233
191
232
231
230
224
159
125
163
62
20
152
83
172
171
167
OUTER SEED 105
240
0
223
199
198
197
239
42
238
233
191
232
231
230
224
161
126
163
63
21
84
172
171
169
154
OUTER SEED 106
240
0
223
199
198
197
239
43
238
233
191
232
231
230
224
162
127
163
64
22
85
172
171
170
155
OUTER SEED 107
240
0
223
199
198
197
239
2
238
191
233
232
231
230
224
172
165
44
23
65
128
156
157
86
164
OUTER SEED 108
240
0
223
199
198
197
239
221
24
191
238
224
230
231
232
233
66
129
166
164
OUTER SEED 109
240
0
223
199
198
197
239
221
25
191
238
224
230
231
232
233
67
130
166
165
OUTER SEED 110
240
0
223
199
198
197
239
221
26
191
238
224
230
231
232
233
68
131
167
164
OUTER SEED 111
240
0
223
199
198
197
239
221
27
191
238
224
230
231
232
233
69
132
167
165
OUTER SEED 112
240
0
223
199
198
197
239
221
28
191
238
224
230
231
232
233
70
133
167
166
OUTER SEED 113
240
0
223
199
198
197
239
221
29
191
238
224
230
231
232
233
71
169
138
164
OUTER SEED 114
240
0
223
199
198
197
239
221
30
191
238
224
230
231
232
233
72
169
139
165
OUTER SEED 115
240
0
223
199
198
197
239
221
73
191
238
224
230
231
232
233
31
169
140
166
OUTER SEED 116
240
0
223
199
198
197
239
221
74
191
238
224
230
231
232
233
32
169
141
167
OUTER SEED 117
240
0
223
199
198
197
239
221
75
191
238
224
230
231
232
233
170
143
33
164
OUTER SEED 118
240
0
223
199
198
197
239
221
76
191
238
224
230
231
232
233
170
34
165
144
OUTER SEED 119
240
0
223
199
198
197
239
221
77
191
238
224
230
231
232
233
170
166
35
145
OUTER SEED 120
240
0
223
199
198
197
239
221
191
78
238
224
230
231
232
233
170
36
146
167
OUTER SEED 121
240
0
223
199
198
197
239
221
191
79
238
224
230
231
232
233
37
170
148
169
OUTER SEED 122
240
0
223
199
198
197
239
221
80
191
238
224
230
231
232
233
171
38
164
149
OUTER SEED 123
240
0
223
199
198
197
239
221
81
191
238
224
230
231
232
233
171
165
39
150
OUTER SEED 124
240
0
223
199
198
197
239
221
191
82
238
224
230
231
232
233
171
40
151
166
OUTER SEED 125
240
0
223
199
198
197
239
221
191
83
238
224
230
231
232
233
41
171
152
167
OUTER SEED 126
240
0
223
199
198
197
239
221
42
191
238
224
230
231
232
233
84
171
154
169
OUTER SEED 127
240
0
223
199
198
197
239
221
43
191
238
224
230
231
232
233
85
171
155
170
OUTER SEED 128
240
0
223
199
198
197
239
221
191
23
238
224
230
231
232
233
165
107
65
164
OUTER SEED 129
240
0
223
199
198
197
239
221
3
191
238
224
230
231
232
233
158
45
87
156
OUTER SEED 130
240
0
223
199
198
197
239
221
4
191
238
224
230
231
232
233
158
46
88
157
OUTER SEED 131
240
0
223
199
198
197
239
221
5
191
238
224
230
231
232
233
159
47
89
156
OUTER SEED 132
240
0
223
199
198
197
239
221
27
191
238
224
230
231
232
233
167
111
69
165
OUTER SEED 133
240
0
223
199
198
197
239
221
28
191
238
224
230
231
232
233
167
112
70
166
OUTER SEED 134
240
0
223
199
198
197
239
221
191
224
230
231
232
233
238
OUTER SEED 135
240
0
223
199
198
197
239
221
191
224
230
231
232
233
238
OUTER SEED 136
240
0
223
199
198
197
239
221
191
224
230
231
232
233
238
OUTER SEED 137
240
0
223
199
198
197
239
221
191
224
230
231
232
233
238
OUTER SEED 138
240
0
223
199
198
197
239
221
29
191
238
224
230
231
232
233
169
113
71
164
OUTER SEED 139
240
0
223
199
198
197
239
221
30
191
238
224
230
231
232
233
169
114
72
165
OUTER SEED 140
240
0
223
199
198
197
239
221
31
191
238
224
230
231
232
233
169
115
73
166
OUTER SEED 141
240
0
223
199
198
197
239
221
32
191
238
224
230
231
232
233
169
116
74
167
OUTER SEED 142
240
0
223
199
198
197
239
221
191
224
230
231
232
233
238
OUTER SEED 143
240
0
223
199
198
197
239
221
33
191
238
224
230
231
232
233
170
117
75
164
OUTER SEED 144
240
0
223
199
198
197
239
221
34
191
238
224
230
231
232
233
170
118
76
165
OUTER SEED 145
240
0
223
199
198
197
239
221
35
191
238
224
230
231
232
233
170
119
77
166
OUTER SEED 146
240
0
223
199
198
197
239
221
36
191
238
224
230
231
232
233
170
120
78
167
OUTER SEED 147
240
0
223
199
198
197
239
221
191
224
230
231
232
233
238
OUTER SEED 148
240
0
223
199
198
197
239
221
37
191
238
224
230
231
232
233
170
121
79
169
OUTER SEED 149
240
0
223
199
198
197
239
221
38
191
238
224
230
231
232
233
171
122
80
164
OUTER SEED 150
240
0
223
199
198
197
239
221
39
191
238
224
230
231
232
233
171
123
81
165
OUTER SEED 151
240
0
223
199
198
197
239
221
40
191
238
224
230
231
232
233
171
124
82
166
OUTER SEED 152
240
0
223
199
198
197
239
221
41
191
238
224
230
231
232
233
171
125
83
167
OUTER SEED 153
240
0
223
199
198
197
239
221
191
224
230
231
232
233
238
OUTER SEED 154
240
0
223
199
198
197
239
221
191
42
238
224
230
231
232
233
171
126
84
169
OUTER SEED 155
240
0
223
199
198
197
239
221
22
191
238
224
230
231
232
233
163
64
106
162
OUTER SEED 156
240
0
223
199
198
197
239
68
238
233
232
191
231
230
224
159
89
110
5
47
26
131
172
167
164
OUTER SEED 157
240
0
223
199
198
197
239
69
238
233
232
191
231
230
224
159
6
90
111
48
27
132
172
167
165
OUTER SEED 158
240
0
223
199
198
197
239
70
238
233
191
232
231
230
224
133
91
7
112
49
28
172
167
166
159
OUTER SEED 159
240
0
223
199
198
197
239
70
238
233
191
232
231
230
224
133
91
7
112
49
28
172
167
166
158
OUTER SEED 160
240
0
223
199
198
197
239
221
191
224
230
231
232
233
238
OUTER SEED 161
240
0
223
199
198
197
239
71
238
233
191
232
231
230
224
138
92
8
50
113
29
172
169
164
156
OUTER SEED 162
240
0
223
199
198
197
239
75
238
233
191
232
231
230
224
143
96
12
54
117
33
172
170
164
156
OUTER SEED 163
240
0
223
199
198
197
239
80
238
233
232
191
231
230
224
149
59
101
17
122
38
172
171
164
156
OUTER SEED 164
240
0
223
199
198
197
239
17
238
233
232
231
191
230
224
149
59
101
122
38
172
171
80
156
163
OUTER SEED 165
240
0
223
199
198
197
239
13
238
233
232
191
231
230
224
144
55
97
34
118
172
170
76
157
162
OUTER SEED 166
240
0
223
199
198
197
239
14
238
233
232
191
231
230
224
145
56
98
35
119
77
172
170
158
162
OUTER SEED 167
240
0
223
199
198
197
239
15
238
233
191
232
231
230
224
146
78
57
99
36
120
172
170
159
162
OUTER SEED 168
240
0
223
199
198
197
239
156
191
238
224
230
231
232
233
172
160
164
134
OUTER SEED 169
240
0
223
199
198
197
239
16
238
233
232
191
231
230
224
148
79
58
100
37
121
172
170
161
162
OUTER SEED 170
240
0
223
199
198
197
239
13
238
233
232
191
231
230
224
144
55
97
34
118
172
157
76
165
162
OUTER SEED 171
240
0
223
199
198
197
239
17
238
233
232
231
191
230
224
149
59
101
122
38
172
156
80
164
163
OUTER SEED 172
240
0
223
199
198
197
239
13
238
233
232
231
191
230
224
118
55
76
97
144
34
170
165
162
157
OUTER SEED 173
240
0
223
199
198
197
239
221
224
230
231
232
233
191
238
OUTER SEED 174
240
0
223
2
199
198
239
107
238
233
232
231
230
224
164
44
86
23
156
157
128
165
172
65
OUTER SEED 175
240
0
223
2
199
198
239
107
238
233
232
231
230
224
164
44
86
23
156
157
128
165
172
65
OUTER SEED 176
240
0
223
2
199
198
239
107
238
233
232
231
230
224
164
44
86
23
156
157
128
165
172
65
OUTER SEED 177
240
0
223
2
199
198
239
107
238
233
232
231
230
224
164
44
86
23
156
157
128
165
172
65
OUTER SEED 178
240
0
223
2
199
198
239
107
238
233
232
231
230
224
164
44
86
23
156
165
128
157
172
65
OUTER SEED 179
240
0
223
2
199
198
239
107
238
233
232
231
230
224
164
44
86
23
156
165
128
157
172
65
OUTER SEED 180
240
0
223
2
199
198
239
107
238
233
232
231
230
224
164
44
86
23
165
156
128
157
172
65
OUTER SEED 181
240
0
223
2
199
198
239
107
238
233
232
231
230
224
164
44
86
23
165
156
128
157
172
65
OUTER SEED 182
240
0
223
2
199
198
239
107
238
233
232
231
230
224
164
44
86
23
165
156
128
157
172
65
OUTER SEED 183
240
0
223
2
199
198
239
107
238
233
232
231
230
224
164
44
86
23
165
156
128
157
172
65
OUTER SEED 184
240
0
223
2
199
198
239
107
238
233
232
231
230
224
164
44
86
23
165
156
128
157
172
65
OUTER SEED 185
240
0
223
2
199
198
239
107
238
233
232
231
230
224
164
44
86
23
165
156
128
157
172
65
OUTER SEED 186
240
0
223
2
199
198
239
107
238
233
232
231
230
192
224
164
44
165
86
23
156
128
157
172
65
OUTER SEED 187
240
0
223
2
199
198
239
107
238
233
232
231
230
193
224
164
44
165
86
23
156
128
157
172
65
OUTER SEED 188
240
0
223
2
199
198
239
107
238
233
232
231
230
194
224
164
44
165
86
23
156
128
157
172
65
OUTER SEED 189
240
0
223
2
199
198
239
107
238
233
232
231
230
195
224
164
44
165
86
23
156
128
157
172
65
OUTER SEED 190
240
0
223
2
199
198
239
107
238
233
232
231
230
196
224
164
44
165
86
23
156
128
157
172
65
OUTER SEED 191
240
0
223
2
199
198
239
107
238
233
232
231
230
197
224
164
44
165
86
23
156
128
157
172
65
OUTER SEED 192
240
0
223
2
199
198
239
107
238
233
232
231
186
230
224
164
44
165
86
23
156
128
157
172
65
OUTER SEED 193
240
0
223
2
199
198
239
107
238
233
232
231
187
230
224
164
44
165
86
23
156
128
157
172
65
OUTER SEED 194
240
0
223
2
199
198
239
107
238
233
232
231
188
230
224
164
44
165
86
23
156
128
157
172
65
OUTER SEED 195
240
0
223
2
199
198
239
107
238
233
232
231
189
230
224
164
44
165
86
23
156
128
157
172
65
OUTER SEED 196
240
0
223
2
199
198
239
107
238
233
232
231
190
230
224
164
44
165
86
23
156
128
157
172
65
OUTER SEED 197
240
0
223
2
199
198
239
107
238
233
232
231
191
230
224
164
44
165
86
23
156
128
157
172
65
OUTER SEED 198
240
0
223
2
199
197
239
107
238
233
232
231
191
230
224
164
44
165
86
23
156
128
157
172
65
OUTER SEED 199
240
0
223
2
198
197
239
107
238
233
232
231
191
230
224
164
44
165
86
23
156
128
157
172
65
OUTER SEED 200
240
0
2
199
198
197
239
213
212
201
44
224
191
238
230
231
232
233
157
128
86
156
OUTER SEED 201
240
0
2
199
198
197
239
212
213
200
44
224
191
238
230
231
232
233
157
128
86
156
OUTER SEED 202
240
0
2
199
198
197
239
215
203
214
44
224
238
230
231
232
233
157
128
86
156
OUTER SEED 203
240
0
2
199
198
197
239
214
202
215
44
224
238
230
231
232
233
157
128
86
156
OUTER SEED 204
240
0
2
199
198
197
239
107
238
233
232
231
191
230
224
164
44
165
86
156
157
128
172
23
65
OUTER SEED 205
240
0
2
199
198
197
239
107
238
233
232
231
191
230
224
164
44
165
86
156
157
128
172
23
65
OUTER SEED 206
240
0
2
199
198
197
239
107
207
238
233
232
231
230
191
224
164
44
86
156
157
172
128
23
65
165
OUTER SEED 207
240
0
2
199
198
197
239
107
206
238
233
232
231
230
191
224
164
44
86
156
157
172
128
23
65
165
OUTER SEED 208
240
0
2
199
198
197
239
107
209
238
233
232
231
230
191
224
164
44
86
156
157
172
128
23
65
165
OUTER SEED 209
240
0
2
199
198
197
239
107
208
238
233
232
231
230
191
224
164
44
86
156
157
172
128
23
65
165
OUTER SEED 210
240
0
2
199
198
197
239
107
238
233
232
231
230
191
224
164
44
86
156
157
172
128
23
65
165
OUTER SEED 211
240
0
2
199
198
197
239
107
238
233
232
231
230
191
224
164
44
86
156
157
172
128
23
65
165
OUTER SEED 212
240
0
199
2
198
197
239
201
44
213
200
191
224
238
230
231
232
233
157
128
86
156
OUTER SEED 213
240
0
199
2
198
197
239
200
44
212
201
191
224
238
230
231
232
233
157
128
86
156
OUTER SEED 214
240
0
199
2
198
197
239
203
44
202
215
224
238
230
231
232
233
157
128
86
156
OUTER SEED 215
240
0
199
2
198
197
239
202
44
203
214
224
238
230
231
232
233
157
128
86
156
OUTER SEED 216
240
0
199
2
198
197
239
107
238
233
232
231
191
230
224
164
165
44
86
23
156
128
157
172
65
OUTER SEED 217
240
0
199
2
198
197
239
107
238
233
232
231
191
230
224
164
165
44
86
23
156
128
157
172
65
OUTER SEED 218
240
0
2
199
198
197
239
107
238
233
232
231
191
230
224
164
165
44
86
156
157
128
172
23
65
OUTER SEED 219
240
0
2
199
198
197
239
107
238
233
232
231
230
191
224
164
44
86
156
157
172
128
23
65
165
OUTER SEED 220
240
0
199
2
198
197
239
107
238
233
232
231
191
230
224
164
165
44
86
23
156
128
157
172
65
OUTER SEED 221
240
0
2
199
198
197
239
107
238
233
232
231
191
230
224
164
165
44
86
156
157
128
172
23
65
OUTER SEED 222
240
0
2
199
198
197
239
107
238
233
232
231
230
191
224
164
44
86
156
157
172
128
23
65
165
OUTER SEED 223
240
0
199
2
198
197
239
107
238
233
232
231
191
230
224
164
165
44
86
23
156
128
157
172
65
OUTER SEED 224
240
223
199
2
198
197
239
107
233
238
191
232
231
230
0
172
44
86
23
156
157
128
164
165
65
OUTER SEED 225
240
223
199
2
198
197
239
236
107
238
235
234
191
230
172
65
1
44
86
23
156
157
128
164
165
OUTER SEED 226
240
223
199
2
198
197
239
107
228
238
191
224
225
227
172
128
156
157
44
65
164
165
86
23
OUTER SEED 227
240
223
199
2
198
197
239
107
228
238
191
224
225
226
172
128
156
157
44
65
164
165
86
23
OUTER SEED 228
240
223
199
2
198
197
239
107
227
238
191
224
225
226
172
128
156
44
157
65
164
165
86
23
OUTER SEED 229
240
223
199
2
198
197
239
107
238
191
172
128
156
157
44
65
164
165
86
23
OUTER SEED 230
240
223
199
2
198
197
239
236
107
238
235
234
191
225
172
1
65
44
86
128
23
156
157
164
165
OUTER SEED 231
240
223
199
2
198
197
239
107
233
238
191
232
230
224
0
44
156
172
157
65
164
165
86
128
23
OUTER SEED 232
240
223
199
2
198
197
239
107
233
238
191
231
230
224
0
44
156
157
172
65
164
165
86
128
23
OUTER SEED 233
240
223
199
2
198
197
239
107
232
238
191
231
230
224
0
44
156
157
65
172
164
165
86
128
23
OUTER SEED 234
240
223
199
2
198
197
239
236
107
238
235
191
230
225
172
44
1
156
157
65
128
164
165
86
23
OUTER SEED 235
240
223
199
2
198
197
239
236
107
238
234
191
230
225
172
44
1
156
157
65
164
128
165
86
23
OUTER SEED 236
240
223
199
2
198
197
239
235
107
238
234
191
230
225
172
44
1
156
157
65
164
165
128
86
23
OUTER SEED 237
240
223
199
2
198
197
239
107
238
191
172
156
157
164
44
65
165
86
128
23
OUTER SEED 238
237
223
199
2
198
197
240
107
239
191
172
156
157
164
44
65
165
86
128
23
OUTER SEED 239
237
223
199
2
198
197
240
107
238
191
172
156
157
164
44
65
165
86
128
23
OUTER SEED 240
237
223
199
2
198
197
239
107
238
191
172
156
157
164
44
65
165
86
128
23
Total 1295.710500 minutes
real	1300m40.500s
user	1299m24.563s
sys	0m29.911s
